<html>
<head><meta charset="utf-8" /></head>
<body>
    <div>                        <script type="text/javascript">window.PlotlyConfig = {MathJaxConfig: 'local'};</script>
        <script charset="utf-8" src="https://cdn.plot.ly/plotly-2.34.0.min.js"></script>                <div id="105bb44f-f4cf-4c1f-a513-fa02d6f4c6e7" class="plotly-graph-div" style="height:800px; width:800px;"></div>            <script type="text/javascript">                                    window.PLOTLYENV=window.PLOTLYENV || {};                                    if (document.getElementById("105bb44f-f4cf-4c1f-a513-fa02d6f4c6e7")) {                    Plotly.newPlot(                        "105bb44f-f4cf-4c1f-a513-fa02d6f4c6e7",                        [{"colorbar":{"title":{"text":"Correlation"}},"colorscale":[[0.0,"rgb(255,245,240)"],[0.125,"rgb(254,224,210)"],[0.25,"rgb(252,187,161)"],[0.375,"rgb(252,146,114)"],[0.5,"rgb(251,106,74)"],[0.625,"rgb(239,59,44)"],[0.75,"rgb(203,24,29)"],[0.875,"rgb(165,15,21)"],[1.0,"rgb(103,0,13)"]],"x":["id","minutes","contributor_id","n_steps","n_ingredients","user_id","recipe_id","rating","avg_rating","calories","total_fat","sugar","sodium","protein","saturated_fat","carbohydrates"],"y":["id","minutes","contributor_id","n_steps","n_ingredients","user_id","recipe_id","rating","avg_rating","calories","total_fat","sugar","sodium","protein","saturated_fat","carbohydrates"],"z":[[1.0,0.0005134181560512151,0.1604949789021738,0.07632919453528011,0.052761218483423175,0.11726304936348868,1.0,0.05093706857136851,0.13170816893509918,0.026037015185673494,0.032151399365960745,0.0051636683783577155,0.013078607183334963,0.006817047573140062,0.02048015671443225,0.015264608044986552],[0.0005134181560512151,1.0,0.010556539856142855,0.29710829089576957,0.26574712424993013,0.043219882419834786,0.0005134181560512262,8.788318062380347e-05,0.00022723986921113827,0.1371932774803786,0.09757292401723701,0.03299455358181867,0.031061049333403427,0.1775605858053395,0.10200429326608368,0.10273393649292065],[0.1604949789021738,0.010556539856142855,1.0,0.0367455119390909,-0.0035037883429288896,0.24649236097725213,0.1604949789021738,0.002762909255634812,0.007144064807807166,0.01404025648043195,0.015352498509535585,-0.001854786730885484,0.010827345137627443,0.012120141364081355,0.006039551731597423,0.0070126801373101314],[0.07632919453528011,0.29710829089576957,0.0367455119390909,1.0,0.44056160758533447,0.05683269601836488,0.07632919453528011,-0.001987684356184735,-0.005139562882524761,0.1351587796681485,0.11479836482579982,0.01492990624505158,0.015431301393930234,0.1629794996105841,0.13225046760737172,0.0853136272954985],[0.052761218483423175,0.26574712424993013,-0.0035037883429288896,0.44056160758533447,1.0,0.03527235826783943,0.05276121848342312,-0.007983446384393909,-0.020642827209552756,0.1333563522845642,0.10565969155052675,-0.005532427643227264,0.05283546086593808,0.19988205765480768,0.08463489641722696,0.08229885525625054],[0.11726304936348868,0.043219882419834786,0.24649236097725213,0.05683269601836488,0.03527235826783943,1.0,0.11726304936348866,-0.04945091569649064,-0.02319978168779634,0.025889884943968464,0.01939083561547151,0.017956749069436784,0.015558227485915399,0.017678249208676312,0.019449052264702206,0.02445099095271087],[1.0,0.0005134181560512262,0.1604949789021738,0.07632919453528011,0.05276121848342312,0.11726304936348866,1.0,0.05093706857136851,0.13170816893509918,0.026037015185673494,0.032151399365960745,0.0051636683783577155,0.013078607183334963,0.006817047573140062,0.02048015671443225,0.015264608044986552],[0.05093706857136851,8.788318062380347e-05,0.002762909255634812,-0.001987684356184735,-0.007983446384393909,-0.04945091569649064,0.05093706857136851,1.0,0.38674190813834747,0.008265687087115295,0.007405148215401005,0.014479355287536183,0.00036443265216277526,-0.003908288022964677,0.00806738572943653,0.009343480274756443],[0.13170816893509918,0.00022723986921113827,0.007144064807807166,-0.005139562882524761,-0.020642827209552756,-0.02319978168779634,0.13170816893509918,0.38674190813834747,1.0,0.02137261805141059,0.01914751946859381,0.037439323183862845,0.000942314873288115,-0.010105674975277397,0.020859869488335184,0.02415947193241186],[0.026037015185673494,0.1371932774803786,0.01404025648043195,0.1351587796681485,0.1333563522845642,0.025889884943968464,0.026037015185673494,0.008265687087115295,0.02137261805141059,1.0,0.8723472506792608,0.6262891150179826,0.20155472414701373,0.639898870192731,0.8073971647445249,0.7820639433037667],[0.032151399365960745,0.09757292401723701,0.015352498509535585,0.11479836482579982,0.10565969155052675,0.01939083561547151,0.032151399365960745,0.007405148215401005,0.01914751946859381,0.8723472506792608,1.0,0.35247956334022623,0.14735218527188923,0.5335124056613142,0.8449278425342341,0.4193786439696336],[0.0051636683783577155,0.03299455358181867,-0.001854786730885484,0.01492990624505158,-0.005532427643227264,0.017956749069436784,0.0051636683783577155,0.014479355287536183,0.037439323183862845,0.6262891150179826,0.35247956334022623,1.0,0.09536583938577647,0.15878482365645208,0.43196106410037877,0.8153714147027155],[0.013078607183334963,0.031061049333403427,0.010827345137627443,0.015431301393930234,0.05283546086593808,0.015558227485915399,0.013078607183334963,0.00036443265216277526,0.000942314873288115,0.20155472414701373,0.14735218527188923,0.09536583938577647,1.0,0.20282488907456667,0.14329651498696697,0.1707961128010949],[0.006817047573140062,0.1775605858053395,0.012120141364081355,0.1629794996105841,0.19988205765480768,0.017678249208676312,0.006817047573140062,-0.003908288022964677,-0.010105674975277397,0.639898870192731,0.5335124056613142,0.15878482365645208,0.20282488907456667,1.0,0.5443267843228731,0.31426120005211877],[0.02048015671443225,0.10200429326608368,0.006039551731597423,0.13225046760737172,0.08463489641722696,0.019449052264702206,0.02048015671443225,0.00806738572943653,0.020859869488335184,0.8073971647445249,0.8449278425342341,0.43196106410037877,0.14329651498696697,0.5443267843228731,1.0,0.4647225299972111],[0.015264608044986552,0.10273393649292065,0.0070126801373101314,0.0853136272954985,0.08229885525625054,0.02445099095271087,0.015264608044986552,0.009343480274756443,0.02415947193241186,0.7820639433037667,0.4193786439696336,0.8153714147027155,0.1707961128010949,0.31426120005211877,0.4647225299972111,1.0]],"zmax":1,"zmin":-1,"type":"heatmap"}],                        {"template":{"data":{"barpolar":[{"marker":{"line":{"color":"white","width":0.5},"pattern":{"fillmode":"overlay","size":10,"solidity":0.2}},"type":"barpolar"}],"bar":[{"error_x":{"color":"rgb(36,36,36)"},"error_y":{"color":"rgb(36,36,36)"},"marker":{"line":{"color":"white","width":0.5},"pattern":{"fillmode":"overlay","size":10,"solidity":0.2}},"type":"bar"}],"carpet":[{"aaxis":{"endlinecolor":"rgb(36,36,36)","gridcolor":"white","linecolor":"white","minorgridcolor":"white","startlinecolor":"rgb(36,36,36)"},"baxis":{"endlinecolor":"rgb(36,36,36)","gridcolor":"white","linecolor":"white","minorgridcolor":"white","startlinecolor":"rgb(36,36,36)"},"type":"carpet"}],"choropleth":[{"colorbar":{"outlinewidth":1,"tickcolor":"rgb(36,36,36)","ticks":"outside"},"type":"choropleth"}],"contourcarpet":[{"colorbar":{"outlinewidth":1,"tickcolor":"rgb(36,36,36)","ticks":"outside"},"type":"contourcarpet"}],"contour":[{"colorbar":{"outlinewidth":1,"tickcolor":"rgb(36,36,36)","ticks":"outside"},"colorscale":[[0.0,"#440154"],[0.1111111111111111,"#482878"],[0.2222222222222222,"#3e4989"],[0.3333333333333333,"#31688e"],[0.4444444444444444,"#26828e"],[0.5555555555555556,"#1f9e89"],[0.6666666666666666,"#35b779"],[0.7777777777777778,"#6ece58"],[0.8888888888888888,"#b5de2b"],[1.0,"#fde725"]],"type":"contour"}],"heatmapgl":[{"colorbar":{"outlinewidth":1,"tickcolor":"rgb(36,36,36)","ticks":"outside"},"colorscale":[[0.0,"#440154"],[0.1111111111111111,"#482878"],[0.2222222222222222,"#3e4989"],[0.3333333333333333,"#31688e"],[0.4444444444444444,"#26828e"],[0.5555555555555556,"#1f9e89"],[0.6666666666666666,"#35b779"],[0.7777777777777778,"#6ece58"],[0.8888888888888888,"#b5de2b"],[1.0,"#fde725"]],"type":"heatmapgl"}],"heatmap":[{"colorbar":{"outlinewidth":1,"tickcolor":"rgb(36,36,36)","ticks":"outside"},"colorscale":[[0.0,"#440154"],[0.1111111111111111,"#482878"],[0.2222222222222222,"#3e4989"],[0.3333333333333333,"#31688e"],[0.4444444444444444,"#26828e"],[0.5555555555555556,"#1f9e89"],[0.6666666666666666,"#35b779"],[0.7777777777777778,"#6ece58"],[0.8888888888888888,"#b5de2b"],[1.0,"#fde725"]],"type":"heatmap"}],"histogram2dcontour":[{"colorbar":{"outlinewidth":1,"tickcolor":"rgb(36,36,36)","ticks":"outside"},"colorscale":[[0.0,"#440154"],[0.1111111111111111,"#482878"],[0.2222222222222222,"#3e4989"],[0.3333333333333333,"#31688e"],[0.4444444444444444,"#26828e"],[0.5555555555555556,"#1f9e89"],[0.6666666666666666,"#35b779"],[0.7777777777777778,"#6ece58"],[0.8888888888888888,"#b5de2b"],[1.0,"#fde725"]],"type":"histogram2dcontour"}],"histogram2d":[{"colorbar":{"outlinewidth":1,"tickcolor":"rgb(36,36,36)","ticks":"outside"},"colorscale":[[0.0,"#440154"],[0.1111111111111111,"#482878"],[0.2222222222222222,"#3e4989"],[0.3333333333333333,"#31688e"],[0.4444444444444444,"#26828e"],[0.5555555555555556,"#1f9e89"],[0.6666666666666666,"#35b779"],[0.7777777777777778,"#6ece58"],[0.8888888888888888,"#b5de2b"],[1.0,"#fde725"]],"type":"histogram2d"}],"histogram":[{"marker":{"line":{"color":"white","width":0.6}},"type":"histogram"}],"mesh3d":[{"colorbar":{"outlinewidth":1,"tickcolor":"rgb(36,36,36)","ticks":"outside"},"type":"mesh3d"}],"parcoords":[{"line":{"colorbar":{"outlinewidth":1,"tickcolor":"rgb(36,36,36)","ticks":"outside"}},"type":"parcoords"}],"pie":[{"automargin":true,"type":"pie"}],"scatter3d":[{"line":{"colorbar":{"outlinewidth":1,"tickcolor":"rgb(36,36,36)","ticks":"outside"}},"marker":{"colorbar":{"outlinewidth":1,"tickcolor":"rgb(36,36,36)","ticks":"outside"}},"type":"scatter3d"}],"scattercarpet":[{"marker":{"colorbar":{"outlinewidth":1,"tickcolor":"rgb(36,36,36)","ticks":"outside"}},"type":"scattercarpet"}],"scattergeo":[{"marker":{"colorbar":{"outlinewidth":1,"tickcolor":"rgb(36,36,36)","ticks":"outside"}},"type":"scattergeo"}],"scattergl":[{"marker":{"colorbar":{"outlinewidth":1,"tickcolor":"rgb(36,36,36)","ticks":"outside"}},"type":"scattergl"}],"scattermapbox":[{"marker":{"colorbar":{"outlinewidth":1,"tickcolor":"rgb(36,36,36)","ticks":"outside"}},"type":"scattermapbox"}],"scatterpolargl":[{"marker":{"colorbar":{"outlinewidth":1,"tickcolor":"rgb(36,36,36)","ticks":"outside"}},"type":"scatterpolargl"}],"scatterpolar":[{"marker":{"colorbar":{"outlinewidth":1,"tickcolor":"rgb(36,36,36)","ticks":"outside"}},"type":"scatterpolar"}],"scatter":[{"fillpattern":{"fillmode":"overlay","size":10,"solidity":0.2},"type":"scatter"}],"scatterternary":[{"marker":{"colorbar":{"outlinewidth":1,"tickcolor":"rgb(36,36,36)","ticks":"outside"}},"type":"scatterternary"}],"surface":[{"colorbar":{"outlinewidth":1,"tickcolor":"rgb(36,36,36)","ticks":"outside"},"colorscale":[[0.0,"#440154"],[0.1111111111111111,"#482878"],[0.2222222222222222,"#3e4989"],[0.3333333333333333,"#31688e"],[0.4444444444444444,"#26828e"],[0.5555555555555556,"#1f9e89"],[0.6666666666666666,"#35b779"],[0.7777777777777778,"#6ece58"],[0.8888888888888888,"#b5de2b"],[1.0,"#fde725"]],"type":"surface"}],"table":[{"cells":{"fill":{"color":"rgb(237,237,237)"},"line":{"color":"white"}},"header":{"fill":{"color":"rgb(217,217,217)"},"line":{"color":"white"}},"type":"table"}]},"layout":{"annotationdefaults":{"arrowhead":0,"arrowwidth":1},"autotypenumbers":"strict","coloraxis":{"colorbar":{"outlinewidth":1,"tickcolor":"rgb(36,36,36)","ticks":"outside"}},"colorscale":{"diverging":[[0.0,"rgb(103,0,31)"],[0.1,"rgb(178,24,43)"],[0.2,"rgb(214,96,77)"],[0.3,"rgb(244,165,130)"],[0.4,"rgb(253,219,199)"],[0.5,"rgb(247,247,247)"],[0.6,"rgb(209,229,240)"],[0.7,"rgb(146,197,222)"],[0.8,"rgb(67,147,195)"],[0.9,"rgb(33,102,172)"],[1.0,"rgb(5,48,97)"]],"sequential":[[0.0,"#440154"],[0.1111111111111111,"#482878"],[0.2222222222222222,"#3e4989"],[0.3333333333333333,"#31688e"],[0.4444444444444444,"#26828e"],[0.5555555555555556,"#1f9e89"],[0.6666666666666666,"#35b779"],[0.7777777777777778,"#6ece58"],[0.8888888888888888,"#b5de2b"],[1.0,"#fde725"]],"sequentialminus":[[0.0,"#440154"],[0.1111111111111111,"#482878"],[0.2222222222222222,"#3e4989"],[0.3333333333333333,"#31688e"],[0.4444444444444444,"#26828e"],[0.5555555555555556,"#1f9e89"],[0.6666666666666666,"#35b779"],[0.7777777777777778,"#6ece58"],[0.8888888888888888,"#b5de2b"],[1.0,"#fde725"]]},"colorway":["#1F77B4","#FF7F0E","#2CA02C","#D62728","#9467BD","#8C564B","#E377C2","#7F7F7F","#BCBD22","#17BECF"],"font":{"color":"rgb(36,36,36)"},"geo":{"bgcolor":"white","lakecolor":"white","landcolor":"white","showlakes":true,"showland":true,"subunitcolor":"white"},"hoverlabel":{"align":"left"},"hovermode":"closest","mapbox":{"style":"light"},"paper_bgcolor":"white","plot_bgcolor":"white","polar":{"angularaxis":{"gridcolor":"rgb(232,232,232)","linecolor":"rgb(36,36,36)","showgrid":false,"showline":true,"ticks":"outside"},"bgcolor":"white","radialaxis":{"gridcolor":"rgb(232,232,232)","linecolor":"rgb(36,36,36)","showgrid":false,"showline":true,"ticks":"outside"}},"scene":{"xaxis":{"backgroundcolor":"white","gridcolor":"rgb(232,232,232)","gridwidth":2,"linecolor":"rgb(36,36,36)","showbackground":true,"showgrid":false,"showline":true,"ticks":"outside","zeroline":false,"zerolinecolor":"rgb(36,36,36)"},"yaxis":{"backgroundcolor":"white","gridcolor":"rgb(232,232,232)","gridwidth":2,"linecolor":"rgb(36,36,36)","showbackground":true,"showgrid":false,"showline":true,"ticks":"outside","zeroline":false,"zerolinecolor":"rgb(36,36,36)"},"zaxis":{"backgroundcolor":"white","gridcolor":"rgb(232,232,232)","gridwidth":2,"linecolor":"rgb(36,36,36)","showbackground":true,"showgrid":false,"showline":true,"ticks":"outside","zeroline":false,"zerolinecolor":"rgb(36,36,36)"}},"shapedefaults":{"fillcolor":"black","line":{"width":0},"opacity":0.3},"ternary":{"aaxis":{"gridcolor":"rgb(232,232,232)","linecolor":"rgb(36,36,36)","showgrid":false,"showline":true,"ticks":"outside"},"baxis":{"gridcolor":"rgb(232,232,232)","linecolor":"rgb(36,36,36)","showgrid":false,"showline":true,"ticks":"outside"},"bgcolor":"white","caxis":{"gridcolor":"rgb(232,232,232)","linecolor":"rgb(36,36,36)","showgrid":false,"showline":true,"ticks":"outside"}},"title":{"x":0.5,"xanchor":"center"},"xaxis":{"automargin":true,"gridcolor":"rgb(232,232,232)","linecolor":"rgb(36,36,36)","showgrid":true,"showline":true,"ticks":"outside","title":{"standoff":15},"zeroline":false,"zerolinecolor":"rgb(36,36,36)"},"yaxis":{"automargin":true,"gridcolor":"rgb(232,232,232)","linecolor":"rgb(36,36,36)","showgrid":true,"showline":true,"ticks":"outside","title":{"standoff":15},"zeroline":false,"zerolinecolor":"rgb(36,36,36)"},"autosize":true,"height":400,"margin":{"b":30,"l":30,"r":30,"t":30},"width":600}},"title":{"text":"Correlation Matrix of High-Rated Recipes (4.5 - 5 Avg Ratings)","font":{"size":20}},"font":{"family":"Arial","size":12},"height":800,"width":800},                        {"responsive": true}                    )                };                            </script>        </div>
</body>
</html>