<html>
<head><meta charset="utf-8" /></head>
<body>
    <div>                        <script type="text/javascript">window.PlotlyConfig = {MathJaxConfig: 'local'};</script>
        <script charset="utf-8" src="https://cdn.plot.ly/plotly-2.34.0.min.js"></script>                <div id="eb664def-171c-4ae2-ad7d-92e8edc467eb" class="plotly-graph-div" style="height:800px; width:800px;"></div>            <script type="text/javascript">                                    window.PLOTLYENV=window.PLOTLYENV || {};                                    if (document.getElementById("eb664def-171c-4ae2-ad7d-92e8edc467eb")) {                    Plotly.newPlot(                        "eb664def-171c-4ae2-ad7d-92e8edc467eb",                        [{"colorbar":{"title":{"text":"Correlation"}},"colorscale":[[0.0,"rgb(255,245,240)"],[0.125,"rgb(254,224,210)"],[0.25,"rgb(252,187,161)"],[0.375,"rgb(252,146,114)"],[0.5,"rgb(251,106,74)"],[0.625,"rgb(239,59,44)"],[0.75,"rgb(203,24,29)"],[0.875,"rgb(165,15,21)"],[1.0,"rgb(103,0,13)"]],"x":["id","minutes","contributor_id","n_steps","n_ingredients","user_id","recipe_id","rating","avg_rating","calories","total_fat","sugar","sodium","protein","saturated_fat","carbohydrates"],"y":["id","minutes","contributor_id","n_steps","n_ingredients","user_id","recipe_id","rating","avg_rating","calories","total_fat","sugar","sodium","protein","saturated_fat","carbohydrates"],"z":[[1.0,-0.012606265857515214,0.16018784577700773,0.07036264789868416,0.04596020560776985,0.1175330151173748,1.0,0.06577893069147024,0.15293146969449223,0.02135478689741176,0.02628266814372762,0.0015636752101663663,0.002817918052656039,0.010955232359808395,0.016376782406803757,0.011552574784665674],[-0.012606265857515214,1.0,0.007113224847444477,0.2950921568597727,0.23024289348363763,0.06679248722114915,-0.012606265857515226,-0.005862702708975666,-0.016777129141385197,0.15003501992276636,0.10859036512643322,0.0381400992792467,0.03737072197596962,0.19572178417649005,0.10975600482711549,0.11022052185250539],[0.16018784577700773,0.007113224847444477,1.0,0.03355349321264684,-0.007914649893162068,0.17809081835899807,0.16018784577700776,0.015482577992374034,0.03685715792536386,0.009290330045691731,0.012504358785608405,-0.0033513144427413074,0.006433661579125265,0.005817561700828217,0.0041423934385508765,0.0032490844519572305],[0.07036264789868416,0.2950921568597727,0.03355349321264684,1.0,0.4206442674074825,0.06339091116862468,0.07036264789868418,0.0063943625959108265,0.014527789649148718,0.1292360401278887,0.11629826003308155,0.01939108729256303,0.01164633269687669,0.1569748179334082,0.1319261118997353,0.07645496079823268],[0.04596020560776985,0.23024289348363763,-0.007914649893162068,0.4206442674074825,1.0,0.015529318857275586,0.04596020560776983,-0.0036287246960344,-0.0077298863699802635,0.11836027695641543,0.09864497480655608,-0.0074584249137987614,0.0397169719957847,0.18030364999181314,0.07720719559955293,0.06916109883283039],[0.1175330151173748,0.06679248722114915,0.17809081835899807,0.06339091116862468,0.015529318857275586,1.0,0.11753301511737478,-0.06411921020190703,-0.07064709471585422,0.045602006036969324,0.03374232796732022,0.03765528499058579,0.018901749769559162,0.027167348168946323,0.03786886946296555,0.043976179086560846],[1.0,-0.012606265857515226,0.16018784577700776,0.07036264789868418,0.04596020560776983,0.11753301511737478,1.0,0.06577893069147024,0.15293146969449223,0.02135478689741176,0.02628266814372762,0.0015636752101663663,0.002817918052656039,0.010955232359808395,0.016376782406803757,0.011552574784665674],[0.06577893069147024,-0.005862702708975666,0.015482577992374034,0.0063943625959108265,-0.0036287246960344,-0.06411921020190703,0.06577893069147024,1.0,0.42586228366430934,0.0016717394884000353,0.006101294354516383,0.006864261883458576,0.003610363026773503,-0.010482358781392575,0.005397599445539489,0.00024087380287170552],[0.15293146969449223,-0.016777129141385197,0.03685715792536386,0.014527789649148718,-0.0077298863699802635,-0.07064709471585422,0.15293146969449223,0.42586228366430934,1.0,0.0009397976605494486,0.011919070978046425,0.01359348153578315,0.007550707929661244,-0.026217011743688536,0.009674873035942623,-0.002067946578295897],[0.02135478689741176,0.15003501992276636,0.009290330045691731,0.1292360401278887,0.11836027695641543,0.045602006036969324,0.02135478689741176,0.0016717394884000353,0.0009397976605494486,1.0,0.8752804269869088,0.6576736580520379,0.18810483941820075,0.6199626739123527,0.8141662084322495,0.803070531320002],[0.02628266814372762,0.10859036512643322,0.012504358785608405,0.11629826003308155,0.09864497480655608,0.03374232796732022,0.02628266814372762,0.006101294354516383,0.011919070978046425,0.8752804269869088,1.0,0.3993375190992946,0.13864756897000696,0.5306714858340132,0.8523197985331519,0.4555574571446943],[0.0015636752101663663,0.0381400992792467,-0.0033513144427413074,0.01939108729256303,-0.0074584249137987614,0.03765528499058579,0.0015636752101663663,0.006864261883458576,0.01359348153578315,0.6576736580520379,0.3993375190992946,1.0,0.0957042329093147,0.1407494035513015,0.4849250970464781,0.8254261679344029],[0.002817918052656039,0.03737072197596962,0.006433661579125265,0.01164633269687669,0.0397169719957847,0.018901749769559162,0.002817918052656039,0.003610363026773503,0.007550707929661244,0.18810483941820075,0.13864756897000696,0.0957042329093147,1.0,0.18407434090592226,0.1303383802365344,0.16158606100699638],[0.010955232359808395,0.19572178417649005,0.005817561700828217,0.1569748179334082,0.18030364999181314,0.027167348168946323,0.010955232359808395,-0.010482358781392575,-0.026217011743688536,0.6199626739123527,0.5306714858340132,0.1407494035513015,0.18407434090592226,1.0,0.513079891457972,0.2948294617659133],[0.016376782406803757,0.10975600482711549,0.0041423934385508765,0.1319261118997353,0.07720719559955293,0.03786886946296555,0.016376782406803757,0.005397599445539489,0.009674873035942623,0.8141662084322495,0.8523197985331519,0.4849250970464781,0.1303383802365344,0.513079891457972,1.0,0.5029344587225049],[0.011552574784665674,0.11022052185250539,0.0032490844519572305,0.07645496079823268,0.06916109883283039,0.043976179086560846,0.011552574784665674,0.00024087380287170552,-0.002067946578295897,0.803070531320002,0.4555574571446943,0.8254261679344029,0.16158606100699638,0.2948294617659133,0.5029344587225049,1.0]],"zmax":1,"zmin":-1,"type":"heatmap"}],                        {"template":{"data":{"barpolar":[{"marker":{"line":{"color":"white","width":0.5},"pattern":{"fillmode":"overlay","size":10,"solidity":0.2}},"type":"barpolar"}],"bar":[{"error_x":{"color":"rgb(36,36,36)"},"error_y":{"color":"rgb(36,36,36)"},"marker":{"line":{"color":"white","width":0.5},"pattern":{"fillmode":"overlay","size":10,"solidity":0.2}},"type":"bar"}],"carpet":[{"aaxis":{"endlinecolor":"rgb(36,36,36)","gridcolor":"white","linecolor":"white","minorgridcolor":"white","startlinecolor":"rgb(36,36,36)"},"baxis":{"endlinecolor":"rgb(36,36,36)","gridcolor":"white","linecolor":"white","minorgridcolor":"white","startlinecolor":"rgb(36,36,36)"},"type":"carpet"}],"choropleth":[{"colorbar":{"outlinewidth":1,"tickcolor":"rgb(36,36,36)","ticks":"outside"},"type":"choropleth"}],"contourcarpet":[{"colorbar":{"outlinewidth":1,"tickcolor":"rgb(36,36,36)","ticks":"outside"},"type":"contourcarpet"}],"contour":[{"colorbar":{"outlinewidth":1,"tickcolor":"rgb(36,36,36)","ticks":"outside"},"colorscale":[[0.0,"#440154"],[0.1111111111111111,"#482878"],[0.2222222222222222,"#3e4989"],[0.3333333333333333,"#31688e"],[0.4444444444444444,"#26828e"],[0.5555555555555556,"#1f9e89"],[0.6666666666666666,"#35b779"],[0.7777777777777778,"#6ece58"],[0.8888888888888888,"#b5de2b"],[1.0,"#fde725"]],"type":"contour"}],"heatmapgl":[{"colorbar":{"outlinewidth":1,"tickcolor":"rgb(36,36,36)","ticks":"outside"},"colorscale":[[0.0,"#440154"],[0.1111111111111111,"#482878"],[0.2222222222222222,"#3e4989"],[0.3333333333333333,"#31688e"],[0.4444444444444444,"#26828e"],[0.5555555555555556,"#1f9e89"],[0.6666666666666666,"#35b779"],[0.7777777777777778,"#6ece58"],[0.8888888888888888,"#b5de2b"],[1.0,"#fde725"]],"type":"heatmapgl"}],"heatmap":[{"colorbar":{"outlinewidth":1,"tickcolor":"rgb(36,36,36)","ticks":"outside"},"colorscale":[[0.0,"#440154"],[0.1111111111111111,"#482878"],[0.2222222222222222,"#3e4989"],[0.3333333333333333,"#31688e"],[0.4444444444444444,"#26828e"],[0.5555555555555556,"#1f9e89"],[0.6666666666666666,"#35b779"],[0.7777777777777778,"#6ece58"],[0.8888888888888888,"#b5de2b"],[1.0,"#fde725"]],"type":"heatmap"}],"histogram2dcontour":[{"colorbar":{"outlinewidth":1,"tickcolor":"rgb(36,36,36)","ticks":"outside"},"colorscale":[[0.0,"#440154"],[0.1111111111111111,"#482878"],[0.2222222222222222,"#3e4989"],[0.3333333333333333,"#31688e"],[0.4444444444444444,"#26828e"],[0.5555555555555556,"#1f9e89"],[0.6666666666666666,"#35b779"],[0.7777777777777778,"#6ece58"],[0.8888888888888888,"#b5de2b"],[1.0,"#fde725"]],"type":"histogram2dcontour"}],"histogram2d":[{"colorbar":{"outlinewidth":1,"tickcolor":"rgb(36,36,36)","ticks":"outside"},"colorscale":[[0.0,"#440154"],[0.1111111111111111,"#482878"],[0.2222222222222222,"#3e4989"],[0.3333333333333333,"#31688e"],[0.4444444444444444,"#26828e"],[0.5555555555555556,"#1f9e89"],[0.6666666666666666,"#35b779"],[0.7777777777777778,"#6ece58"],[0.8888888888888888,"#b5de2b"],[1.0,"#fde725"]],"type":"histogram2d"}],"histogram":[{"marker":{"line":{"color":"white","width":0.6}},"type":"histogram"}],"mesh3d":[{"colorbar":{"outlinewidth":1,"tickcolor":"rgb(36,36,36)","ticks":"outside"},"type":"mesh3d"}],"parcoords":[{"line":{"colorbar":{"outlinewidth":1,"tickcolor":"rgb(36,36,36)","ticks":"outside"}},"type":"parcoords"}],"pie":[{"automargin":true,"type":"pie"}],"scatter3d":[{"line":{"colorbar":{"outlinewidth":1,"tickcolor":"rgb(36,36,36)","ticks":"outside"}},"marker":{"colorbar":{"outlinewidth":1,"tickcolor":"rgb(36,36,36)","ticks":"outside"}},"type":"scatter3d"}],"scattercarpet":[{"marker":{"colorbar":{"outlinewidth":1,"tickcolor":"rgb(36,36,36)","ticks":"outside"}},"type":"scattercarpet"}],"scattergeo":[{"marker":{"colorbar":{"outlinewidth":1,"tickcolor":"rgb(36,36,36)","ticks":"outside"}},"type":"scattergeo"}],"scattergl":[{"marker":{"colorbar":{"outlinewidth":1,"tickcolor":"rgb(36,36,36)","ticks":"outside"}},"type":"scattergl"}],"scattermapbox":[{"marker":{"colorbar":{"outlinewidth":1,"tickcolor":"rgb(36,36,36)","ticks":"outside"}},"type":"scattermapbox"}],"scatterpolargl":[{"marker":{"colorbar":{"outlinewidth":1,"tickcolor":"rgb(36,36,36)","ticks":"outside"}},"type":"scatterpolargl"}],"scatterpolar":[{"marker":{"colorbar":{"outlinewidth":1,"tickcolor":"rgb(36,36,36)","ticks":"outside"}},"type":"scatterpolar"}],"scatter":[{"fillpattern":{"fillmode":"overlay","size":10,"solidity":0.2},"type":"scatter"}],"scatterternary":[{"marker":{"colorbar":{"outlinewidth":1,"tickcolor":"rgb(36,36,36)","ticks":"outside"}},"type":"scatterternary"}],"surface":[{"colorbar":{"outlinewidth":1,"tickcolor":"rgb(36,36,36)","ticks":"outside"},"colorscale":[[0.0,"#440154"],[0.1111111111111111,"#482878"],[0.2222222222222222,"#3e4989"],[0.3333333333333333,"#31688e"],[0.4444444444444444,"#26828e"],[0.5555555555555556,"#1f9e89"],[0.6666666666666666,"#35b779"],[0.7777777777777778,"#6ece58"],[0.8888888888888888,"#b5de2b"],[1.0,"#fde725"]],"type":"surface"}],"table":[{"cells":{"fill":{"color":"rgb(237,237,237)"},"line":{"color":"white"}},"header":{"fill":{"color":"rgb(217,217,217)"},"line":{"color":"white"}},"type":"table"}]},"layout":{"annotationdefaults":{"arrowhead":0,"arrowwidth":1},"autotypenumbers":"strict","coloraxis":{"colorbar":{"outlinewidth":1,"tickcolor":"rgb(36,36,36)","ticks":"outside"}},"colorscale":{"diverging":[[0.0,"rgb(103,0,31)"],[0.1,"rgb(178,24,43)"],[0.2,"rgb(214,96,77)"],[0.3,"rgb(244,165,130)"],[0.4,"rgb(253,219,199)"],[0.5,"rgb(247,247,247)"],[0.6,"rgb(209,229,240)"],[0.7,"rgb(146,197,222)"],[0.8,"rgb(67,147,195)"],[0.9,"rgb(33,102,172)"],[1.0,"rgb(5,48,97)"]],"sequential":[[0.0,"#440154"],[0.1111111111111111,"#482878"],[0.2222222222222222,"#3e4989"],[0.3333333333333333,"#31688e"],[0.4444444444444444,"#26828e"],[0.5555555555555556,"#1f9e89"],[0.6666666666666666,"#35b779"],[0.7777777777777778,"#6ece58"],[0.8888888888888888,"#b5de2b"],[1.0,"#fde725"]],"sequentialminus":[[0.0,"#440154"],[0.1111111111111111,"#482878"],[0.2222222222222222,"#3e4989"],[0.3333333333333333,"#31688e"],[0.4444444444444444,"#26828e"],[0.5555555555555556,"#1f9e89"],[0.6666666666666666,"#35b779"],[0.7777777777777778,"#6ece58"],[0.8888888888888888,"#b5de2b"],[1.0,"#fde725"]]},"colorway":["#1F77B4","#FF7F0E","#2CA02C","#D62728","#9467BD","#8C564B","#E377C2","#7F7F7F","#BCBD22","#17BECF"],"font":{"color":"rgb(36,36,36)"},"geo":{"bgcolor":"white","lakecolor":"white","landcolor":"white","showlakes":true,"showland":true,"subunitcolor":"white"},"hoverlabel":{"align":"left"},"hovermode":"closest","mapbox":{"style":"light"},"paper_bgcolor":"white","plot_bgcolor":"white","polar":{"angularaxis":{"gridcolor":"rgb(232,232,232)","linecolor":"rgb(36,36,36)","showgrid":false,"showline":true,"ticks":"outside"},"bgcolor":"white","radialaxis":{"gridcolor":"rgb(232,232,232)","linecolor":"rgb(36,36,36)","showgrid":false,"showline":true,"ticks":"outside"}},"scene":{"xaxis":{"backgroundcolor":"white","gridcolor":"rgb(232,232,232)","gridwidth":2,"linecolor":"rgb(36,36,36)","showbackground":true,"showgrid":false,"showline":true,"ticks":"outside","zeroline":false,"zerolinecolor":"rgb(36,36,36)"},"yaxis":{"backgroundcolor":"white","gridcolor":"rgb(232,232,232)","gridwidth":2,"linecolor":"rgb(36,36,36)","showbackground":true,"showgrid":false,"showline":true,"ticks":"outside","zeroline":false,"zerolinecolor":"rgb(36,36,36)"},"zaxis":{"backgroundcolor":"white","gridcolor":"rgb(232,232,232)","gridwidth":2,"linecolor":"rgb(36,36,36)","showbackground":true,"showgrid":false,"showline":true,"ticks":"outside","zeroline":false,"zerolinecolor":"rgb(36,36,36)"}},"shapedefaults":{"fillcolor":"black","line":{"width":0},"opacity":0.3},"ternary":{"aaxis":{"gridcolor":"rgb(232,232,232)","linecolor":"rgb(36,36,36)","showgrid":false,"showline":true,"ticks":"outside"},"baxis":{"gridcolor":"rgb(232,232,232)","linecolor":"rgb(36,36,36)","showgrid":false,"showline":true,"ticks":"outside"},"bgcolor":"white","caxis":{"gridcolor":"rgb(232,232,232)","linecolor":"rgb(36,36,36)","showgrid":false,"showline":true,"ticks":"outside"}},"title":{"x":0.5,"xanchor":"center"},"xaxis":{"automargin":true,"gridcolor":"rgb(232,232,232)","linecolor":"rgb(36,36,36)","showgrid":true,"showline":true,"ticks":"outside","title":{"standoff":15},"zeroline":false,"zerolinecolor":"rgb(36,36,36)"},"yaxis":{"automargin":true,"gridcolor":"rgb(232,232,232)","linecolor":"rgb(36,36,36)","showgrid":true,"showline":true,"ticks":"outside","title":{"standoff":15},"zeroline":false,"zerolinecolor":"rgb(36,36,36)"},"autosize":true,"height":400,"margin":{"b":30,"l":30,"r":30,"t":30},"width":600}},"title":{"text":"Correlation Matrix of High-Rated Recipes (4.5 - 5 Avg Ratings)","font":{"size":20}},"font":{"family":"Arial","size":12},"height":800,"width":800},                        {"responsive": true}                    )                };                            </script>        </div>
</body>
</html>